6.329907942204182625e-02
2.609319268071752518e-02
8.395521897544550027e-02
7.271187194425829392e-02
9.012254731555680021e-02
8.221467188725756214e-02
1.137516834506276664e-01
2.879917353117202039e-02
5.290180561746222337e-02
2.513715716985361753e-02
4.507899835115577319e-02
3.024744512503126093e-02
-1.070761093803898195e-01
-1.016549505737942422e-01
-4.822536919799188387e-02
-6.206355988139301144e-02
-6.609279896080828831e-02
-7.094327784785772750e-02
-1.103529972746033899e-01
-2.801819185009860047e-02
6.918595688801904009e-02
5.649056653938462624e-02
1.276374692121430010e-01
1.053185632475020506e-01
1.493730080411735384e-01
1.277384000391412477e-01
2.283524118059165886e-01
1.823346538291350516e-01
6.582987394182814034e-02
-8.543088786609129293e-02
1.332773934657419806e-03
-1.186476153611653039e-01
-9.960150658497850251e-02
-6.661225105689802528e-02
-2.175544998628740900e-01
-2.378806618032330567e-01
-2.131038092201005818e-01
-2.413098206940164636e-01
-1.718777738190394311e-01
-4.675568175273077387e-02
2.412349255439469667e-02
1.523160920586838496e-01
3.235354704815678883e-01
5.371195185304721287e-01
5.996505113216374916e-01
6.779932286545000686e-01
8.329237755192695492e-01
8.283587821281417352e-01
9.448964451351602456e-01
1.082252134731433557e+00
1.032653048259462691e+00
9.100467576503309397e-01
9.864648439273646652e-01
7.956473080268975373e-01
6.192526015904412651e-01
5.352352801399953286e-01
4.938205593406148064e-01
2.416101288575298600e-01
1.390966004032675729e-01
-9.827951190806968884e-03
-1.051446982178638329e-01
-8.693786948562759465e-02
-1.812546419633722927e-01
-1.131439298521358106e-01
-1.926431189918467457e-01
-1.613338984104231710e-01
-6.882142182886884230e-02
-8.062229063335174528e-02
-8.174577101625538078e-02
9.083358644578498620e-02
5.552519992483718331e-02
1.495191075355846722e-01
6.066440441471469130e-02
1.580818112957717292e-01
6.174239571965539630e-02
9.655918395478212124e-02
1.000323792685029467e-01
5.629045201880281818e-02
6.137492721146738106e-02
-1.016073051574745423e-01
-5.191751242846759373e-02
-9.624177699107466788e-02
-5.112654110285072551e-02
-9.169421634006305610e-02
-1.827989941882627312e-01
-6.083830321444508304e-03
-1.181006249102870970e-01
-2.033213838295811760e-01
9.510007578680493290e-03
5.050996903016521933e-02
-5.253825283412692781e-03
4.456080212102524890e-02
3.475926074283443301e-02
7.804660498541662883e-02
2.890135085953417921e-02
8.780752798813533377e-02
7.236548645080126407e-02
4.226979309105702298e-02
-8.405511954627780530e-03
2.330638121320604064e-02
