1.701388868926399027e+02
2.011336000743455372e+02
1.894016862867870543e+02
1.916331428953236582e+02
1.844962916848439534e+02
1.758078986276937314e+02
1.865304696909975632e+02
1.843490166413112092e+02
2.068336199724180062e+02
1.613655490122231981e+02
1.678251806723076527e+02
2.058058045888157039e+02
1.758455721500783397e+02
1.691147717513440227e+02
1.972509980611454523e+02
1.734289659401528070e+02
1.729995990509858927e+02
1.916993196221009441e+02
1.728395087107340373e+02
1.879901766411688016e+02
1.877736053400846856e+02
1.723270715212117352e+02
1.830792888790636255e+02
2.003789045104314539e+02
1.831558591662360698e+02
1.569259862016664897e+02
1.803371627129703256e+02
1.564587476512722617e+02
1.780433838145225991e+02
2.148621511690336661e+02
1.673041098466698600e+02
1.821271399431683449e+02
1.629696067795163970e+02
1.718944463025759433e+02
1.583372884681896551e+02
2.005940205712262809e+02
1.713158294195340545e+02
1.983003419491045918e+02
1.992683835906766774e+02
1.937316499693031915e+02
1.730050931361671473e+02
1.733527989487578225e+02
1.375271547240322718e+02
1.737957471413008648e+02
1.603410807252883501e+02
2.065529639123923573e+02
1.659372640704860373e+02
1.699264959236484174e+02
2.044105586267616843e+02
1.779236627301474982e+02
1.576813470115817779e+02
1.561355553766429978e+02
1.719209626818731635e+02
1.712729453428370903e+02
1.534551251515881063e+02
1.962156490205312025e+02
1.931165920731588983e+02
1.712248892560130287e+02
1.350701468593633763e+02
1.828975019662302088e+02
1.906488876970445290e+02
1.900702108918057149e+02
1.715650303403251371e+02
1.608357670838143463e+02
1.710837359242468381e+02
1.632710983135109188e+02
1.876730898260878178e+02
1.883639401567445759e+02
2.002669660991244598e+02
1.827693258556964508e+02
1.976163071825068300e+02
2.246655004781507046e+02
1.798662384481029335e+02
1.763221382909758859e+02
1.892979837558860083e+02
2.030983636594738186e+02
1.998389706852091194e+02
1.597558341338145169e+02
1.768262091592049785e+02
1.659262998832090830e+02
2.034072216064246561e+02
1.531380221054008643e+02
1.842066740037249986e+02
1.843682524229416231e+02
1.766175571665339419e+02
1.532236588155547850e+02
2.085490765712406755e+02
1.890781265392392072e+02
1.646327858883799138e+02
1.883185602132634813e+02
2.107412455575793615e+02
1.727981068916471372e+02
1.802830120190996581e+02
1.774515659666288059e+02
2.082261570891367342e+02
1.807941616772659472e+02
1.590222413274485120e+02
1.956939019667179309e+02
1.635740767255394985e+02
1.737067018908409466e+02
1.672975803885729533e+02
1.575615388468289950e+02
1.652784573699319708e+02
1.389154697382251129e+02
2.076073964554177280e+02
1.717394242255989809e+02
1.643686204316414603e+02
1.385251845629425418e+02
1.922669682805386913e+02
1.971461663710957453e+02
1.551808803457049919e+02
1.662499817510397975e+02
1.536377571460637625e+02
1.668251415723760260e+02
1.999666204686037076e+02
1.848772828734516338e+02
2.029726490753470216e+02
2.027913794850262548e+02
1.889330862973328635e+02
1.621928418327219390e+02
1.804468470846084358e+02
1.807303343984084449e+02
1.976408562820049042e+02
1.449479414352807964e+02
1.917133530489635405e+02
1.828129826420504287e+02
1.596860140037791496e+02
1.778577615627754085e+02
1.792995477154753701e+02
1.973919084678473723e+02
1.328936390127211382e+02
2.190354259677382345e+02
1.922271686886279554e+02
1.727020964822332871e+02
1.676135282220585054e+02
1.557754308201052993e+02
1.786992233716813701e+02
1.873691016640332521e+02
2.132473289522680773e+02
1.733954565444908837e+02
2.003117818752699861e+02
1.687334038571656265e+02
1.851183198536668328e+02
1.765530853303461924e+02
1.625575639715429475e+02
1.752867727596006091e+02
1.699403274219269804e+02
1.621639872713249986e+02
1.611114101407885073e+02
1.790982589973994550e+02
1.741769966607625122e+02
1.801585941629477929e+02
1.685039649744745986e+02
1.498805617394182832e+02
2.073737522287983950e+02
1.376301347577019101e+02
1.798978097779070993e+02
1.744261930364557998e+02
1.890197779033509278e+02
1.926285292188155722e+02
2.094434495578258293e+02
1.944711021842699950e+02
1.830531982680146541e+02
1.719627697782715643e+02
1.979535713236423362e+02
1.484343798644156891e+02
2.121635596233402907e+02
1.973613463162537869e+02
1.667470479919184640e+02
1.958730195811688759e+02
2.134618431398554037e+02
1.513761997094441938e+02
1.758088603835511776e+02
1.689266198540131541e+02
1.674603336530049944e+02
1.884596475272559815e+02
1.872200189283490772e+02
1.701273204269084260e+02
1.857934213369900363e+02
1.569128687867011820e+02
2.183007624296343465e+02
2.067246555695789141e+02
1.737315480341187595e+02
1.515210279075751885e+02
1.762060665611174670e+02
1.873072370713339865e+02
1.740118885902651300e+02
1.487534225364708789e+02
1.670938826418120300e+02
1.893562745263192255e+02
1.888442243460558814e+02
1.479393030549104537e+02
1.992859773222390629e+02
1.745028253654624564e+02
2.035645882520491909e+02
1.594563855256414513e+02
1.956126283004470565e+02
1.503940022427993881e+02
1.947182457650165475e+02
1.664142924467989815e+02
1.676955080492737693e+02
1.756635835820910359e+02
2.039878482912264417e+02
1.896642124844198918e+02
1.883335187094651815e+02
1.601120045345657275e+02
1.840632923632608140e+02
1.846201757066045843e+02
1.837314943329707546e+02
1.560068021293924403e+02
1.587573720047457186e+02
1.716657693532973497e+02
1.861796449992016846e+02
2.180325553927660280e+02
1.660408056295172230e+02
1.924023144547277582e+02
1.899968852883085333e+02
1.528048781776856231e+02
1.773817142483441671e+02
1.872975063565327218e+02
1.738471920098557177e+02
1.822471429754025394e+02
2.012884609279648771e+02
1.932094156681685035e+02
1.537699591037946902e+02
1.690759514908504570e+02
1.525418747804159523e+02
1.707345176132685083e+02
1.840397016039106859e+02
1.939959933817647766e+02
2.333527649913506821e+02
1.699929942881996681e+02
1.620567090344437418e+02
1.488146345951113574e+02
1.695223238475117284e+02
1.476792356276484668e+02
1.752162848364508250e+02
1.620532169065470498e+02
1.734266560986317245e+02
1.993049315115382853e+02
1.825141537719311771e+02
1.752495153988280379e+02
1.703935220675886058e+02
1.678218438391074585e+02
1.795471585975957396e+02
1.771482360017608357e+02
1.848064879504053692e+02
1.742467376110585064e+02
1.604680291042617171e+02
1.689165837724913217e+02
1.745451425794342413e+02
1.768236108515609146e+02
1.954513948893849147e+02
1.604080180291577165e+02
1.770276022880753146e+02
1.586054662807245563e+02
1.658413127084689904e+02
1.991478684946332010e+02
1.772954067027191627e+02
1.822342636084569563e+02
1.962821279893420012e+02
2.003162521983110480e+02
1.621305589333845205e+02
1.644228743205103456e+02
1.750931553936396199e+02
1.502540690190809016e+02
1.493309879287848219e+02
1.961006906409639612e+02
1.414562651207413637e+02
1.909559141763964192e+02
1.991235433478879600e+02
1.717494626462896008e+02
1.730847847770471333e+02
1.709867471560240233e+02
1.822871026267056891e+02
1.950968563584550566e+02
1.834863667396495828e+02
2.130396846955891306e+02
1.873198180489425511e+02
1.698126909934503317e+02
1.552231556964496235e+02
1.639337611046564973e+02
1.860420133032151568e+02
2.000160625709291651e+02
1.545623715185521121e+02
1.745964920848214490e+02
1.700232415120444500e+02
1.681364944666949555e+02
1.878493242515797874e+02
1.701981803241681064e+02
2.005651100267147058e+02
1.373708385267126175e+02
1.795476495800800478e+02
1.643403952491989344e+02
1.795582681186698153e+02
1.681716264292037408e+02
1.678219001287438914e+02
1.803979781036228189e+02
1.623451315223049392e+02
1.580873364174734093e+02
