1.526190764905043977e+02
1.734135176713146791e+02
1.211240068389799944e+02
1.790120547120675951e+02
1.646248660847304848e+02
1.564017489690612024e+02
1.671912902299761186e+02
1.655185391162293911e+02
1.575306035934367799e+02
1.710944399593010701e+02
1.682362167716554211e+02
1.394978374256185418e+02
1.686701655318737210e+02
1.442949015701437645e+02
1.706284078911897382e+02
1.587155503253598283e+02
1.561766839338961006e+02
1.604376864276673587e+02
1.760487602913284206e+02
1.666615537977628776e+02
1.474887254466845263e+02
1.671006451810926592e+02
1.543332875729607849e+02
1.545608007840800155e+02
1.614157387462007875e+02
1.674498660127660514e+02
1.614418992182827708e+02
1.845779222695902888e+02
1.765384347227370085e+02
1.639127616489154491e+02
1.715502519809717228e+02
2.016082990136707451e+02
1.663761026528156037e+02
1.706176674193991687e+02
1.776851468295896268e+02
1.496432844986104840e+02
1.564599228212120181e+02
1.594148548991289829e+02
1.662200738687607213e+02
1.749867046376076019e+02
1.382111483966327228e+02
1.508429101253194062e+02
1.547918438687858611e+02
1.715756139596334151e+02
1.542985421771483630e+02
1.822477070204533049e+02
1.660960891750964379e+02
1.299947282645610187e+02
1.684948251017324594e+02
1.879711547265288516e+02
1.438582941082703996e+02
1.771758261345471794e+02
1.405979857536619591e+02
1.544612218694403794e+02
1.885831150370514990e+02
1.788898225280594261e+02
1.829354933741019806e+02
1.641840492617846223e+02
1.550639252307174729e+02
1.381440999133327523e+02
1.809405428114756944e+02
1.482105284084208847e+02
1.402331161184430925e+02
1.535808649002225081e+02
1.544803872908099436e+02
1.499813048660459742e+02
1.513203209837571990e+02
1.505264897549095338e+02
1.760297559597463248e+02
1.635683948631680380e+02
1.449527817130056633e+02
1.404020226661762933e+02
1.610028158945845576e+02
1.397144888702552805e+02
1.409499535479388328e+02
1.571833386134320278e+02
1.337071396943694594e+02
1.779173268850481975e+02
1.670776210992578683e+02
1.450160783334818007e+02
1.743152256887881606e+02
1.675538469658090719e+02
1.824828832705660204e+02
1.623477092581707950e+02
1.645870628401757472e+02
1.563401878113236307e+02
1.695316948714275043e+02
1.615881403841779331e+02
1.726526095462235446e+02
1.660255012608942309e+02
1.977369396135123907e+02
1.312007829671348986e+02
1.681573792865154360e+02
1.241626959459947841e+02
1.390519223483956921e+02
1.696095708635863275e+02
1.567840973042092116e+02
1.515106144800028005e+02
1.424838315961127080e+02
1.300484189002214634e+02
1.512147325095603208e+02
1.522442458468720190e+02
1.897000918909247957e+02
1.664385357564929393e+02
1.720141910830313350e+02
1.815489366639793332e+02
1.530546800065434070e+02
1.630523774888963260e+02
1.334239360341740905e+02
1.516582115953078471e+02
1.466259859227885727e+02
1.566247231459735474e+02
1.541888803908625221e+02
1.453509529756195775e+02
1.679594910195777970e+02
1.641066150620745816e+02
1.527920802788894434e+02
1.411493716712423918e+02
1.567011981820415087e+02
1.840084179531889106e+02
1.807935778015645383e+02
1.936120983928576607e+02
1.730054281816888704e+02
1.555315963796601864e+02
1.340733837607620558e+02
1.613504862673718776e+02
1.462002773572984324e+02
1.769140377530342505e+02
1.646782919918047128e+02
1.810191683564816003e+02
1.525936136519921433e+02
1.628275359803926676e+02
1.708163965162337945e+02
1.595254694572347489e+02
1.609173169707632667e+02
1.683274625794686870e+02
1.757697307819900630e+02
1.775962408651227236e+02
1.596623656205682664e+02
1.481368899585054919e+02
1.403370556739389201e+02
1.662281518166326464e+02
2.027768797643370533e+02
1.769172541739637836e+02
1.721191611456434600e+02
1.447316772783212286e+02
1.476748362949635691e+02
1.785211595624054155e+02
1.543189928466608478e+02
1.526915601133482596e+02
1.600542537466109820e+02
1.715929837509416416e+02
1.616988793233184367e+02
1.515104425499898468e+02
1.699367429984307307e+02
1.407237528315554584e+02
1.761438821659916130e+02
1.671928132981773558e+02
1.433980625499169719e+02
2.032793605711946157e+02
1.584793551939607710e+02
1.747877248546863314e+02
1.528133848091016773e+02
1.424509770054746411e+02
1.537063829015749548e+02
1.724903544946858176e+02
1.676904948435357596e+02
1.246640343267448969e+02
1.482247365167992541e+02
1.467294408578852085e+02
1.803887464849917137e+02
1.783980585077759144e+02
1.647603485342600322e+02
1.395324256592763845e+02
1.914562725973527790e+02
1.787303256603751151e+02
1.484155909322601019e+02
1.432283565102721639e+02
1.557244838947072481e+02
1.686805163581790907e+02
1.601746969555908606e+02
1.478691728923356550e+02
1.403553379408777460e+02
1.481918922950534636e+02
1.685116124096258261e+02
1.518296128436649042e+02
1.582157267569460259e+02
1.476258406342664102e+02
1.607198418309577335e+02
1.390345267531151023e+02
1.309666823895699110e+02
1.522679141031719894e+02
1.670909995659170022e+02
1.622820661103374391e+02
1.699738868259587719e+02
1.788187129401625839e+02
1.539194535228272116e+02
1.601903230662881867e+02
1.750518436809807383e+02
1.594515225303369732e+02
1.658630998272354304e+02
1.106508503205920135e+02
1.867279833462972363e+02
1.674570145157960894e+02
1.730345496775423726e+02
1.561106883256561559e+02
1.429984240819782713e+02
1.771939932968424785e+02
1.418486125065471413e+02
1.527901214731752475e+02
1.653219086163620375e+02
1.545905910106782812e+02
1.725696684422378837e+02
1.722806470648625634e+02
1.569961322932547034e+02
1.499547725603434856e+02
1.609335851643950264e+02
1.725513473120153947e+02
1.772467182149929954e+02
1.788754715918688305e+02
1.693600798827191056e+02
1.536733664320260004e+02
1.695756812199473984e+02
1.366217248715804260e+02
1.734706846657563517e+02
1.645140988618443032e+02
1.618632728922393369e+02
1.480134045456800607e+02
1.766520046420039876e+02
1.604848663815045029e+02
1.532124795596893705e+02
1.507856284696293017e+02
1.686257477331916732e+02
1.748734548984609205e+02
1.553604626311800985e+02
1.542904607364827427e+02
1.639268588247179537e+02
1.471882438504915456e+02
1.801717590446427835e+02
1.520881081952668126e+02
1.607980978033878046e+02
1.845956765754254150e+02
1.632236635605905519e+02
1.680278800120123890e+02
1.722139057093289125e+02
1.421986171470931595e+02
1.371511059160930017e+02
1.709346635993393022e+02
1.357147315199275397e+02
1.655778117836138108e+02
1.538330846401330518e+02
1.536221089342288337e+02
1.748400819807472146e+02
1.710746964601340494e+02
1.640949371595136483e+02
1.924990709074108111e+02
1.812090869423500124e+02
1.725983504180660191e+02
1.634721522123449802e+02
1.663193793443579693e+02
1.681686328484433091e+02
1.763255054944019946e+02
1.466654915265561669e+02
1.640006500382203285e+02
1.747787547565078512e+02
1.621969637099844306e+02
1.662276559669432743e+02
1.317969696236085611e+02
1.531279590087555391e+02
1.738296258031579384e+02
1.473130817939847645e+02
1.654720221445942627e+02
1.487061591362811157e+02
1.714488323209490090e+02
1.570311038331377915e+02
1.551241586052676382e+02
1.323208513634911014e+02
1.693769897994426117e+02
1.574075198414907959e+02
1.657951979105960731e+02
1.541599146681389243e+02
1.689277777588908123e+02
1.653182022481323941e+02
1.494323890478343912e+02
1.625264956783940704e+02
1.678107722672840794e+02
1.612567949678321497e+02
1.497301576061974515e+02
2.007393248909095860e+02
1.647648167528970475e+02
1.819948545362127277e+02
1.440363902291427394e+02
1.651114173202254847e+02
1.741727394558626543e+02
1.437228689854198933e+02
1.606247674767259639e+02
1.668293809324305528e+02
1.575981127743199579e+02
1.658840797811524510e+02
1.820939868237355199e+02
1.725537755828816842e+02
1.689553692624632220e+02
1.867740467274232117e+02
1.538787743701316231e+02
1.698084364833797508e+02
1.726982916566335859e+02
1.750045074244695229e+02
1.737683397827331646e+02
1.601579532660344967e+02
1.363116912214651677e+02
1.562176472764300854e+02
1.552252942521183741e+02
1.307139138571814385e+02
1.678041482553917945e+02
1.531286794795533126e+02
1.743790622773383632e+02
1.675462529174861572e+02
1.713577804664186601e+02
1.664605032938811178e+02
1.718149278952550674e+02
1.504904501291719043e+02
1.478234412712299957e+02
1.743946818491276645e+02
1.543675488457483027e+02
1.664518593625263918e+02
1.664960186246598539e+02
1.375173918300895650e+02
1.546218316996457816e+02
1.731131142734291757e+02
1.648113062826615192e+02
1.694555239877264796e+02
1.679541267745780146e+02
1.696219133235240690e+02
1.551590442634770568e+02
1.428287079368201660e+02
1.728134791050947285e+02
1.934462724071502748e+02
1.467927757272259441e+02
1.634824240103065165e+02
1.314097109798703116e+02
1.556066447030154052e+02
1.636981121340745062e+02
1.622231646128417708e+02
1.867171003280372759e+02
1.673730841068485233e+02
1.656391430786842136e+02
1.545549655834960561e+02
1.486480484513532474e+02
1.674258572108268197e+02
1.901229365159957183e+02
1.712696063215357469e+02
1.562278555952052841e+02
1.695274979817125711e+02
1.686186253740819154e+02
1.675945055229352647e+02
1.692812889910031515e+02
1.605099608669738984e+02
1.732063966381315936e+02
1.567285888891076695e+02
1.648210663931784836e+02
1.508110454760789025e+02
1.749504835445306981e+02
1.521835621797152669e+02
1.920651416122653359e+02
1.656463123230712426e+02
1.509993594797396952e+02
1.529328270367024913e+02
1.546508599641634873e+02
1.673756210845430417e+02
1.428496920924897040e+02
1.690328381401469642e+02
1.679507898280786264e+02
1.553255732524233679e+02
1.730928709437929740e+02
1.520180441104137969e+02
1.530030468229941221e+02
1.686561576907378992e+02
1.432896431215810651e+02
1.601050643202026720e+02
1.804402386383718238e+02
1.852721847327577507e+02
1.469166049018384967e+02
1.875977405151908215e+02
1.381391914801402834e+02
2.085714154631895099e+02
1.530980768329925183e+02
1.598150422362470238e+02
1.804256570131529429e+02
1.726645332350923638e+02
1.233755194196891978e+02
1.592623244704775516e+02
1.818379035385850102e+02
1.658250868662686628e+02
1.729380065070724015e+02
1.690852030444584102e+02
1.777702985945737169e+02
1.420575145461062334e+02
1.743556261473413542e+02
1.600831407220813674e+02
1.310950077130599141e+02
1.660054189949674992e+02
1.562995852820940570e+02
1.585136909713905027e+02
1.357897688235993030e+02
1.652249460555501912e+02
1.725715564846301788e+02
1.726021016663093235e+02
1.777710225984200747e+02
1.659980499029979910e+02
1.608546351471475475e+02
1.693152940063001779e+02
1.560166636226319099e+02
1.739915335225869910e+02
1.857580133892132039e+02
1.828786716599504985e+02
1.667897791703758799e+02
1.419893311279154204e+02
1.423241844704960499e+02
1.468347230361988238e+02
1.563201923611604798e+02
1.427004632782950182e+02
1.514089633521587075e+02
1.576927603235238848e+02
1.700135021833186499e+02
1.763661079134456315e+02
1.583189087924218086e+02
1.692633441195156649e+02
1.753554775274255348e+02
1.649725168148303283e+02
1.648597327905633847e+02
1.874528658959490031e+02
1.632041300474447212e+02
1.717856074876197852e+02
1.812034112087850133e+02
1.415197528010174324e+02
1.969491364948272576e+02
1.871973792400447394e+02
1.406523986072633079e+02
1.348636591862759531e+02
1.374847323998872355e+02
1.526791325120448732e+02
1.541040286904488994e+02
1.640757953900388770e+02
1.767564594860991747e+02
1.665022062891712267e+02
1.475373936596142528e+02
1.342512928113353041e+02
1.531224357453191374e+02
1.696616605674483083e+02
1.600221705633913984e+02
1.471418999450447700e+02
1.298153917659505794e+02
1.877251373916522539e+02
1.677926096327813923e+02
1.596091105415036111e+02
1.502339594176602873e+02
1.617218492803536378e+02
1.553621693510048942e+02
1.217351391751070935e+02
1.870061740180100003e+02
1.679594643348327736e+02
1.505654493040549369e+02
1.625342225141604899e+02
1.497361339795853326e+02
1.525435452576431032e+02
1.244183372530241911e+02
1.413450973594336517e+02
1.703023704876720217e+02
1.670380634411465905e+02
1.753334202739702619e+02
1.517853505905368365e+02
1.430209518405856954e+02
1.434195659625202666e+02
1.763458579928390009e+02
1.712625157944620469e+02
1.369674459038554346e+02
1.601704326871807211e+02
1.500365560933052791e+02
1.699130981200570432e+02
1.403478901828953269e+02
1.935300771790600152e+02
1.527263472606036601e+02
1.667703579409923691e+02
1.438096151612866151e+02
1.656374209821563852e+02
1.764055366303662709e+02
1.624355003453344750e+02
1.636403507899062504e+02
1.344113176575397972e+02
1.521191350304418961e+02
1.690579408546269917e+02
1.519556566547511522e+02
1.422242142303520609e+02
1.470679979658497984e+02
1.749901777306469910e+02
1.667865563813057861e+02
1.861888299808906879e+02
1.616568061475539082e+02
1.574377084937632958e+02
1.710376132274420229e+02
1.427986684477474455e+02
1.616183506863187347e+02
1.328899851380721486e+02
1.671278885342470062e+02
1.714754491467202513e+02
1.802853714135837322e+02
1.696203387701563940e+02
1.638627333932960823e+02
1.435567610955824591e+02
1.796805765124040875e+02
1.585609605298233475e+02
1.547629105343279434e+02
1.598736760574142863e+02
1.609778565538169914e+02
1.614364981751597270e+02
1.526898715725728266e+02
1.859627198575165892e+02
1.639555230312763001e+02
1.678735836689636187e+02
1.494989638370553280e+02
1.543340017205814831e+02
1.649081033659052480e+02
1.455802514545373469e+02
1.759483319194524711e+02
1.559667559926066929e+02
1.607875938789508439e+02
1.464925238056247565e+02
1.459994212229043455e+02
1.823476053216686807e+02
1.732777713541518096e+02
1.484738911460039503e+02
1.458880344259955280e+02
1.327297902468174584e+02
1.472499613197818462e+02
1.594532430788320312e+02
1.711854594825022104e+02
1.507068231224426142e+02
1.482865936133787272e+02
1.877249889815347501e+02
1.332557054061228996e+02
1.452369126413537117e+02
1.412366475159951449e+02
1.646968625872728182e+02
1.673495203080260865e+02
1.664873177725451114e+02
1.514661826459763461e+02
1.525582079859370879e+02
1.566299934626321715e+02
1.596694677377563210e+02
1.840901570205551252e+02
1.729282701347991633e+02
1.400084410277727613e+02
1.499219425088190292e+02
1.638995373239666549e+02
1.645065768671272792e+02
1.651406199730069204e+02
1.674957615498373684e+02
1.628663296559557239e+02
1.859799705030224288e+02
1.651346603161440783e+02
1.709993733410924790e+02
1.475307348632926789e+02
1.669055572078295882e+02
1.603831242587155259e+02
1.644933596048927598e+02
1.347091366464359226e+02
1.660582990194378681e+02
1.773886302285237093e+02
1.565524831846601330e+02
1.609844195859217848e+02
1.647135419362160178e+02
1.865601715770694682e+02
1.572869669795842924e+02
1.630259585581713395e+02
1.544057792168319168e+02
1.271808715276278576e+02
1.472146733118532893e+02
1.478429872902638635e+02
1.569359043182612936e+02
1.654285835511027756e+02
1.455563241524909017e+02
1.702158092447521085e+02
1.940587236854331081e+02
1.484756845772895986e+02
1.664097875372316935e+02
1.653785047922396814e+02
1.670180684421816011e+02
1.531072835025114216e+02
1.485335077868531926e+02
1.627247057883119226e+02
1.735895696653360574e+02
1.804404584240858185e+02
1.776785164618785871e+02
1.690914470498760807e+02
1.793479045639883793e+02
1.756069864936703198e+02
1.496177943614307821e+02
1.436430596702517448e+02
1.690983248576563369e+02
1.553653165284729880e+02
1.653594053516517590e+02
1.681986004092363203e+02
1.671040561011752459e+02
1.597671351573108325e+02
1.798184732979123339e+02
1.465550672146490854e+02
1.543826588598282115e+02
1.750599980394076738e+02
1.725419408745924272e+02
1.605638070374741631e+02
1.393653668575461211e+02
1.777087902691106649e+02
1.706403430270069066e+02
1.687367138302091405e+02
1.361877609641180698e+02
1.447020626235608347e+02
1.357677167792984392e+02
1.559229804088132312e+02
1.591397381589662530e+02
1.580498031414231548e+02
1.686653069431587539e+02
1.345570004170375853e+02
1.333537225536373398e+02
1.771223990584357466e+02
1.657936985137206420e+02
1.692646022135349142e+02
1.452489522109540587e+02
1.718224948009666662e+02
1.570068486091627449e+02
1.793604864152190714e+02
1.644703284338507956e+02
1.669706978323916644e+02
1.901264449996059227e+02
1.548976691330287849e+02
1.551553299402069683e+02
1.693352521693055621e+02
1.443085657468461136e+02
1.593481476560875194e+02
1.505773187277095531e+02
1.504418570938699702e+02
1.359892478989457061e+02
1.202629406986653748e+02
1.723903172000315465e+02
1.650437065019001466e+02
1.412386155991875398e+02
1.717469681545723006e+02
1.390104644272416863e+02
1.501450155576498560e+02
1.448265910865590342e+02
1.599274768919228222e+02
1.593658196397916811e+02
1.782321151061698856e+02
1.594136341217742086e+02
2.064630629629933765e+02
1.327936673487959638e+02
1.391279886356075792e+02
1.657156615543200360e+02
1.764796474590788762e+02
1.630679168140299851e+02
1.602951797334619073e+02
1.391605171944140409e+02
1.430784851494855445e+02
1.513715575251452208e+02
1.644038425442981861e+02
1.597287656618585174e+02
1.756267317181872158e+02
1.381016050219442945e+02
1.562859158645751734e+02
1.507798652883075192e+02
1.752960990598485864e+02
1.589515103452484652e+02
1.749628729893810544e+02
1.519926238749320930e+02
1.534888413209612565e+02
1.758566381124597342e+02
1.568133767606073263e+02
1.555975597788792868e+02
1.611008096629206250e+02
1.802727636104560247e+02
1.555084168769056703e+02
1.597237365863875880e+02
1.718729067105348634e+02
1.283869471353932852e+02
1.465033391543675805e+02
1.819433627344110675e+02
1.686046069104033336e+02
1.727214266431340093e+02
1.761865362736286613e+02
1.605064836250211044e+02
1.534662128102931433e+02
1.824876985205357016e+02
1.685482685723696648e+02
1.641891129588913145e+02
1.631290286696203395e+02
1.469826714460064068e+02
1.578836629232269786e+02
1.762823904050765123e+02
1.820612449573613958e+02
1.628455209735802782e+02
1.399656301423971172e+02
1.739501942275627755e+02
1.829698350804034988e+02
1.503420159913066811e+02
1.782014708137070045e+02
1.716604184907915283e+02
1.533815767372559549e+02
1.566143705563174819e+02
1.785762945413054865e+02
1.953056730499052946e+02
1.533961853843005940e+02
1.302716397137871240e+02
1.849809810814368234e+02
1.727190431351137647e+02
1.667302169835046755e+02
1.346778127237724618e+02
1.666227436954997074e+02
1.713982332453375363e+02
1.547299664062738316e+02
1.773484799895455808e+02
1.601092240724705107e+02
1.578493426229438796e+02
1.564332442130500169e+02
1.636551515287237351e+02
1.566189162398808037e+02
1.287281591852239444e+02
1.949891519672933953e+02
1.857715351738990250e+02
1.677024586144949865e+02
1.770440984081371312e+02
1.874324149797741654e+02
1.645550295801511140e+02
1.530466733927720497e+02
1.819259229906849953e+02
1.648756898588788147e+02
1.730564677719353597e+02
1.569515484271683476e+02
1.575739333589125408e+02
1.574458523713726663e+02
1.713293429975732920e+02
1.534476907498768412e+02
1.809629132245459573e+02
1.278468373521103274e+02
1.653066224277252729e+02
1.619243120336894322e+02
1.364301115717785251e+02
1.827745010114061586e+02
1.535888724918317791e+02
1.695145629894335570e+02
1.914931705916725377e+02
1.471122516808562182e+02
1.686669964323516240e+02
1.669008801276046370e+02
1.920567061762126855e+02
1.847094390297292534e+02
1.768889428282642484e+02
1.698867266371476887e+02
1.947867409602717998e+02
1.680201119855858565e+02
1.678195378226231185e+02
1.719137150201030124e+02
1.511000199388453495e+02
1.547679295022782924e+02
1.670341721017063037e+02
1.573907662487840753e+02
1.597680678917070054e+02
1.500894259903406862e+02
1.833105969731365690e+02
1.822734345972913559e+02
1.467404149030859344e+02
1.359472358724719641e+02
1.837096972230714869e+02
1.426760234453468001e+02
1.949404373477084391e+02
1.742340832146304592e+02
1.642120775629919933e+02
1.727463779951170579e+02
1.633072619399899281e+02
1.666239590552879406e+02
1.688154610936257995e+02
1.483937162126452165e+02
1.557971620677170677e+02
1.605341731227336766e+02
1.721808421247692991e+02
1.832093687124938697e+02
1.648458695079030178e+02
1.893922344282811707e+02
1.570740740235492297e+02
1.878346335270616976e+02
1.868835955993203299e+02
1.781906723727032897e+02
1.696245916298027794e+02
1.452264013940795166e+02
1.630952741094734790e+02
1.352861810637832889e+02
1.633292383038820503e+02
1.606615673950014411e+02
1.737859996471173645e+02
1.690510980388306450e+02
1.599640498794298935e+02
1.542048288428370597e+02
1.817035138977972508e+02
1.650727960364594367e+02
1.781100901390295803e+02
1.669778120180642702e+02
1.819200473530268880e+02
1.461824844682890614e+02
1.652041900776064551e+02
1.590551426917163269e+02
1.657628145345161386e+02
1.411564611441077659e+02
1.421620828063059321e+02
1.590999233080963791e+02
1.379380775038044646e+02
1.766094115825871143e+02
1.650808308882594986e+02
1.442649658480577273e+02
1.836576003199445495e+02
1.775426395594179212e+02
1.496747845449983743e+02
1.584869167313037792e+02
1.622047589728520336e+02
1.749896707601598678e+02
1.670434259043709631e+02
1.599235137959756230e+02
1.466272620511150251e+02
1.705793893476983953e+02
1.669736872465029478e+02
1.359420441322710076e+02
1.342613407385638027e+02
1.446248382633044116e+02
1.898320533052635142e+02
1.577869199513912122e+02
1.439040438769558250e+02
1.585891667094124671e+02
1.395245836690797887e+02
1.461972332592696375e+02
1.318809247504493953e+02
1.431269077088200845e+02
1.678294591931473860e+02
1.646465593573507249e+02
1.870083309536905176e+02
1.677244984807396975e+02
1.497806905281666729e+02
1.793319088279354787e+02
1.756287956899815583e+02
1.691621690006207643e+02
1.470774434548588374e+02
1.207124117298578199e+02
1.459230411887583045e+02
1.862850617406069773e+02
1.365804448095189514e+02
1.575917472013797465e+02
1.652854955150592104e+02
1.451568263774782395e+02
1.674445163160575589e+02
1.519426445883880206e+02
1.420924810186546097e+02
1.269846914561999824e+02
1.774052817746372739e+02
1.374754581541830589e+02
1.617378328468745110e+02
1.583898655757990923e+02
1.553508694087035167e+02
1.524449440535597944e+02
1.841010757925474195e+02
1.561616956158366918e+02
1.655631545778602742e+02
1.611978676277124123e+02
1.654690510358319671e+02
1.622400052984205843e+02
1.408020821559085789e+02
1.685961184230125411e+02
1.727129908422080291e+02
1.640094439754505800e+02
1.419186517670104877e+02
1.389991036569609832e+02
1.471915164418545885e+02
1.360480952113406943e+02
1.647321234819864344e+02
1.640359820721479309e+02
1.484329444614664908e+02
1.500812546582992866e+02
1.708756550435778081e+02
1.450569147449089371e+02
1.440695785761836589e+02
1.549447987765857135e+02
1.671051997376200688e+02
1.588331068137234467e+02
1.832805140096151035e+02
1.743183501905380979e+02
1.492139471401418120e+02
1.603600475917642143e+02
1.779582506643089630e+02
1.737203254634159180e+02
1.560685206858767060e+02
1.461851859144557295e+02
2.002867761370841038e+02
1.533421016222280571e+02
1.775032233297943947e+02
1.749444791900877760e+02
1.422839249721835131e+02
1.599751448155065816e+02
1.740592514273687073e+02
1.795310321506501339e+02
1.812574038947550434e+02
1.616832235504986954e+02
1.638950865687557439e+02
1.693215830388123493e+02
1.758116142429629178e+02
1.515844658903191089e+02
1.689574541257144062e+02
1.431723109374987359e+02
1.695769668479298673e+02
1.559269787581577873e+02
1.583367274914376139e+02
1.336415317295962666e+02
1.866595711204342933e+02
1.260584960581231968e+02
1.733119353276546519e+02
1.829281422611215930e+02
1.433259273124919559e+02
1.573470749471656234e+02
1.795651799935125723e+02
1.702083476468387460e+02
1.514397069538043183e+02
1.657513534940138697e+02
1.398036222552769914e+02
1.747520032576686049e+02
1.655420727635676599e+02
1.643523805443575156e+02
1.744564448670474519e+02
1.623749960274003286e+02
1.642108739465109011e+02
1.666770456577249035e+02
1.630145583779014089e+02
1.799652773131554966e+02
1.938130510247636664e+02
1.682796712068868317e+02
1.518730730350886233e+02
1.564809215986615243e+02
1.769593693408450292e+02
1.417890632488691551e+02
1.535629227529020397e+02
1.512300764233705195e+02
1.572642270761323573e+02
1.688305942791369318e+02
1.686854533965269241e+02
1.696332208708116127e+02
1.424567301246734985e+02
1.702221694522309292e+02
1.807074186853221534e+02
1.545482388954818873e+02
1.760887271227736051e+02
1.449245486529172524e+02
1.689821257478362782e+02
1.538289968618917669e+02
1.443693590270394509e+02
1.767848916124887069e+02
1.514793628275963897e+02
1.720524071746420418e+02
1.767751245115789516e+02
1.461077375848131510e+02
1.618939232049770567e+02
1.516011578305010232e+02
1.777411701785889306e+02
1.572244272668545193e+02
1.755475693597842906e+02
1.541756704338197324e+02
1.566516812293352814e+02
1.673791669377290816e+02
1.530862336844654408e+02
1.566047618728087230e+02
1.730853503085206171e+02
1.538167130757117320e+02
1.581692083702285174e+02
1.637745172845613695e+02
1.609835500577487153e+02
1.761484465293871153e+02
1.644831515601117644e+02
1.565950750374740608e+02
1.669997251104491340e+02
1.612080519679524286e+02
1.898783331502282294e+02
1.636480287558405564e+02
1.755355758551332315e+02
1.452310576044794175e+02
1.646682956930092416e+02
2.107658085254191178e+02
1.589342650941017610e+02
1.626283740258243711e+02
1.858952256939559504e+02
1.524157475541675240e+02
1.306555425284567491e+02
1.520798862550271053e+02
1.570459833960144351e+02
1.588466848083787966e+02
1.521532486623780471e+02
1.675714658323287551e+02
1.741696162877613858e+02
1.598974557321109558e+02
1.447389553477782727e+02
1.855606055246424546e+02
1.683605682609688756e+02
1.450472428272174739e+02
1.807327452313721494e+02
1.552868386422867104e+02
1.578654552104511879e+02
1.693095751215361702e+02
1.769423004521959797e+02
1.711670240108254291e+02
1.417060195146820831e+02
1.536972337760742562e+02
1.562630207324014862e+02
1.586987271671041526e+02
1.612898130956572800e+02
1.539882381472071131e+02
1.529953123859099833e+02
1.397435590601208162e+02
1.520452303622461443e+02
1.435066534888941305e+02
1.496818702924252875e+02
1.546383909504958467e+02
1.754294737563368187e+02
1.557524582713337225e+02
1.608527352232015346e+02
1.441580975987183422e+02
1.509337209461959048e+02
1.610280886475007662e+02
1.535306240403645575e+02
1.640327763036182205e+02
1.528449858879127703e+02
1.642867620400731710e+02
1.529949163089436581e+02
1.552210543049447153e+02
1.875660588335645116e+02
9.040453423853747950e+01
1.586532497465790925e+02
1.689272529101126281e+02
1.620667574573253091e+02
1.722813484224237186e+02
1.861092569362199640e+02
1.370301448023430737e+02
1.518216299699674607e+02
1.569243816964470284e+02
1.860316476872892508e+02
1.535432813632328077e+02
1.569513273060576921e+02
1.759863840178273904e+02
1.460881355086624467e+02
1.675936059735818162e+02
1.713203070034807638e+02
1.527239212313403129e+02
1.569362687435698263e+02
1.700191281637025895e+02
1.596398713177223101e+02
1.517060378488869219e+02
1.539853839812569731e+02
1.606735291690903011e+02
1.774348805216995117e+02
1.333198115116349243e+02
1.484721773746063320e+02
1.411654978098968911e+02
1.659440779845588452e+02
1.666530384478907081e+02
1.743700276894180377e+02
1.404353847792390866e+02
1.774143606984028736e+02
1.637807530644043084e+02
1.529588648213850774e+02
1.701801338968442963e+02
1.706150029196047910e+02
1.583078130839621736e+02
1.716474130342481601e+02
1.645495883108997930e+02
1.661676053097537533e+02
1.740185338177604422e+02
1.752955074128933859e+02
1.846484561557816164e+02
1.891989718039361605e+02
1.491968162011007735e+02
1.489836257206715118e+02
2.049339859563428945e+02
1.570640931769046063e+02
1.790802616494480048e+02
1.754982726418369623e+02
1.543522295706890191e+02
1.607949138201003336e+02
1.457427860723419997e+02
1.735227479270572530e+02
1.298664208198715357e+02
1.941950672107569176e+02
1.787618176992613428e+02
1.542938928376159140e+02
1.586028982502168674e+02
1.599284824666989095e+02
1.730440839014337655e+02
1.730601655870473792e+02
1.656547731364388483e+02
1.576155113261849294e+02
1.535569286118975185e+02
1.682918031975696067e+02
1.651593136465288865e+02
1.741724258239342191e+02
1.758921163482181953e+02
1.623364888929792755e+02
1.813324871720767533e+02
1.858897739311242958e+02
1.643698495024140129e+02
1.609415450824284335e+02
1.529565326700138144e+02
1.589641721061196051e+02
1.621595889229899683e+02
1.676341237949541778e+02
1.435168087180097984e+02
1.536407346981065984e+02
1.656660731023621338e+02
1.567210045920712105e+02
1.905332127148457744e+02
1.653025867514301979e+02
1.554139912730176150e+02
1.588853234100699581e+02
1.384259225933523680e+02
1.702219292210280344e+02
1.696920439161223726e+02
1.587948162789704440e+02
1.936720746759620511e+02
1.674216776844503443e+02
1.419734587304787681e+02
1.686743597492654771e+02
1.656475656289730978e+02
1.494792931327062888e+02
1.626436288947978142e+02
1.791910344659552266e+02
1.737539034868678982e+02
1.458697208694127880e+02
1.243125048264613781e+02
1.496977655238254954e+02
1.667674026223347141e+02
1.787122868058068832e+02
1.574345822843338851e+02
1.649244530461069758e+02
1.745608727199326609e+02
1.767531455604048745e+02
1.416475099563933782e+02
1.721837232242450852e+02
1.383692775683685454e+02
1.340648618586781993e+02
1.812584790967844981e+02
1.614665857397909008e+02
1.681825543414619517e+02
1.712851122946863427e+02
1.624684214213515361e+02
1.605175586010696804e+02
1.492330999955053414e+02
1.653186075286611754e+02
1.736692707485264009e+02
1.787435787835437679e+02
1.574058196776634588e+02
1.835980829916744312e+02
1.856646866661624813e+02
1.445780978781875206e+02
1.502221857108229699e+02
1.674479417031068920e+02
1.541647053047143459e+02
1.614048075513515244e+02
1.554286604319329399e+02
1.707995391395850788e+02
1.443023241744588461e+02
1.507859365391182394e+02
1.587186702572053321e+02
1.463992541128005485e+02
1.625635299412686265e+02
1.457411545142041120e+02
1.508750411882347748e+02
1.391674004033828282e+02
1.813603783336375272e+02
1.628596078680564005e+02
1.501697344429976511e+02
1.833433078101557783e+02
1.510226830578038459e+02
1.653479867409416215e+02
1.200328717649254457e+02
1.775308599422232305e+02
1.742215655016992173e+02
1.606598348797105871e+02
1.781163989034642441e+02
1.511661262083643464e+02
1.685171468723117130e+02
1.661693418786098846e+02
1.729547879706655067e+02
1.637835447338754022e+02
1.737535350573944868e+02
1.244046494269399545e+02
1.885498653395523831e+02
1.683297921972472579e+02
1.441174095670687052e+02
1.492298279309658540e+02
1.696094689619516203e+02
1.422081139574159181e+02
1.616209594867094097e+02
1.516509922245131463e+02
1.485699368827982028e+02
1.522713537517523719e+02
1.567909451264214340e+02
1.603341304476208222e+02
1.584955586399927938e+02
1.609787481939443126e+02
1.595603006654986871e+02
1.601183665719625822e+02
1.602924165650018153e+02
1.730765349442551155e+02
1.682199294159923113e+02
1.748881411047825054e+02
1.513498818445616507e+02
1.678943511391288439e+02
1.736059233965991382e+02
1.485729145627574042e+02
1.744617281553830708e+02
1.411893548814783230e+02
1.751599499923039218e+02
1.381157994831316955e+02
1.519261990835701113e+02
1.409962775636877836e+02
1.570596690784031750e+02
1.726800822779460418e+02
1.784150408324879891e+02
1.752601312153430229e+02
1.508024260709663622e+02
1.554344243164266857e+02
1.351788386760589447e+02
1.593011775582440350e+02
1.751035640380440555e+02
1.830781216840535137e+02
1.539437102749251380e+02
1.750232528626243038e+02
1.765976719691664414e+02
1.944289058523442009e+02
1.532738969669402991e+02
1.411778242258071430e+02
1.887417064156128959e+02
1.758082331161375009e+02
1.491649792601364481e+02
1.762796010210889790e+02
1.556325573104823263e+02
1.601321368796874651e+02
1.736859765797415776e+02
1.550581420283584464e+02
1.719730865098055688e+02
1.456744510328077240e+02
1.820237699952205901e+02
1.804565277311633338e+02
1.672508732828274560e+02
1.432051173559285644e+02
1.548793166065571256e+02
1.350786106083139089e+02
1.675470129923880904e+02
1.683964639890015746e+02
1.575821045044941400e+02
1.637705648171957193e+02
1.587591942848263784e+02
1.918884194752735084e+02
1.741872685144041384e+02
1.506059430272389363e+02
1.348132246349951515e+02
1.679449438796599736e+02
1.898099405178240886e+02
1.519262279175548827e+02
1.481510163385867145e+02
1.596291428350601507e+02
1.731602294922296892e+02
1.627000243975678586e+02
1.406798848546633849e+02
1.500444037245963784e+02
1.592741426457762373e+02
1.541904723290994355e+02
1.582776782469626937e+02
1.667395107305594308e+02
1.885966817460979428e+02
1.672524166010890099e+02
1.591997790107811568e+02
1.892469890349621551e+02
1.545967607528276062e+02
1.781546794440126291e+02
1.696047721073923640e+02
1.492602072394469701e+02
1.519859250215147881e+02
1.683366781230893139e+02
1.628403036664728631e+02
1.465376273206074984e+02
1.787395510022075484e+02
1.711673801973494733e+02
1.853994958915833422e+02
1.652947411174552315e+02
1.399163574551229487e+02
1.592696048118077101e+02
1.727727942717297367e+02
1.721383218745370414e+02
1.592481917251874108e+02
1.602869309330127692e+02
1.468932065813052930e+02
1.589583489001246903e+02
1.609756756296313540e+02
1.434192048704955198e+02
1.568253892878478268e+02
1.657384112874766515e+02
1.623119429054297314e+02
1.702812895231471089e+02
1.783179790392125028e+02
1.523044113907913015e+02
1.723127635948155785e+02
1.775947739324356007e+02
1.612058785854516145e+02
1.642172765143949107e+02
1.381832241311144003e+02
1.505668931526001302e+02
1.543974135405483992e+02
1.411984842707094288e+02
1.904230990827880987e+02
1.922839016631770619e+02
1.666073779436620157e+02
1.629560587449064144e+02
1.563223719897939361e+02
1.653962853479745831e+02
1.673368076803163831e+02
1.724510611703610152e+02
1.732888017196931116e+02
1.685006527144802249e+02
1.763079671101649240e+02
1.735916708532927828e+02
1.673280299521634902e+02
1.568502269967482903e+02
1.709736245067402365e+02
1.244126277198086541e+02
1.833725949855587771e+02
1.716555546578438225e+02
1.545539618003861619e+02
1.255111640462295099e+02
1.665803476278027802e+02
1.570195958698825223e+02
1.607301919150895628e+02
1.608679048219968877e+02
1.453599197186693743e+02
1.682075688382944065e+02
1.553453107793844197e+02
1.688277031744584917e+02
1.613774340567441357e+02
1.899669383508228293e+02
1.559058690614722309e+02
1.454550736751038471e+02
1.483887433183270446e+02
1.506844539771497296e+02
1.736166921697975454e+02
1.561307673303609249e+02
1.594214992322456226e+02
1.310741986213614609e+02
1.498754947541898730e+02
1.845654032439892376e+02
1.605497426646220731e+02
1.780047751727367142e+02
1.524490364337196411e+02
1.548497116331031407e+02
1.649829580407343883e+02
1.652732673883559755e+02
1.615626125676926108e+02
1.658621626137063458e+02
1.533197694179970938e+02
1.807100351533948697e+02
1.663792128034396569e+02
1.713606357566389420e+02
1.743749173222409752e+02
1.682291280058957170e+02
1.598951579614139291e+02
1.864497714117400164e+02
1.396470948378283197e+02
1.713381938048550239e+02
1.504256152869556615e+02
1.412922021157381209e+02
1.621957320904797086e+02
1.644215009441511199e+02
1.682177523369113032e+02
1.584617955304115071e+02
1.469902323288542334e+02
1.561626293524375058e+02
1.489248132828669497e+02
1.605932810715775361e+02
1.735827361713426455e+02
1.598969187510336951e+02
1.690716010631448682e+02
1.588257357814573822e+02
1.692167481116580916e+02
1.763325242520421625e+02
1.472150783288470564e+02
1.586563067985599673e+02
1.756692778735898344e+02
1.744968462660690989e+02
1.553506453654295569e+02
1.557502281640028059e+02
1.481134278522073657e+02
1.806789210296332442e+02
1.583277255312332272e+02
1.484242327171293425e+02
1.728677424421916839e+02
1.675542904546187515e+02
1.430679706556763620e+02
1.374449275863691184e+02
1.826368701002583350e+02
1.552367865502422148e+02
1.391354414197453480e+02
1.469212867249257215e+02
1.721270787024135700e+02
1.476416761891701697e+02
1.473091785504039990e+02
1.410944179123573008e+02
1.888185122971461851e+02
1.799580671503462099e+02
1.623364668677486691e+02
1.819604894580990333e+02
1.748169855746352255e+02
1.667741882708386072e+02
1.887971942432832009e+02
1.612207350829056054e+02
1.983108411554160853e+02
1.532271287411505796e+02
1.657920239336943098e+02
1.455786199252431175e+02
1.593360005189179276e+02
1.482299999253292526e+02
1.743866221689521296e+02
1.420310399275884095e+02
1.552029506398358762e+02
1.434802943861760980e+02
1.527192540677926900e+02
1.613476871020878036e+02
1.715668041263007240e+02
1.688294368634156513e+02
1.508225903423254408e+02
1.483885166469488581e+02
1.674902060166956801e+02
1.512465556520528764e+02
1.710742213024559817e+02
1.559514702177282857e+02
1.782187887384682767e+02
1.606969499497803326e+02
1.676553570595391136e+02
1.538988435095134832e+02
1.491120849238574806e+02
1.655013209828987328e+02
1.604070769420806073e+02
1.656203057804090975e+02
1.986890250876016921e+02
1.606134570796506580e+02
1.614419386316136240e+02
1.612668232971339819e+02
1.799391211328174336e+02
1.414723991584911289e+02
1.526971395554606374e+02
1.528965415242433608e+02
1.626683494446590998e+02
1.661416223699991122e+02
1.275459512411746772e+02
1.546356346963059138e+02
1.550040091496879597e+02
1.833987236442950746e+02
1.585451887558985220e+02
1.658944935269261123e+02
1.676165893630928565e+02
1.368235126296379462e+02
1.749049959362531581e+02
1.496139866572421511e+02
1.454834005911387464e+02
1.588437452523019715e+02
1.589611207952473535e+02
1.530706548204482544e+02
1.424996712266559769e+02
1.592857990297546280e+02
1.649950544009828093e+02
1.606023297845254660e+02
1.658100408180841896e+02
1.478965333841535141e+02
1.643543587345163814e+02
1.685594740999637224e+02
1.478639431869694931e+02
1.431956733213386030e+02
1.689476790842103355e+02
1.634374471696153819e+02
1.770569957299630346e+02
1.615465910630275062e+02
1.686830088332183948e+02
1.646964586732799773e+02
1.660170833030129813e+02
1.517661470128133772e+02
1.894231729705772125e+02
1.468635811144702643e+02
1.652979365771893754e+02
1.512373495749216090e+02
1.716340489337498809e+02
1.492772804673942346e+02
1.749228458798812369e+02
1.549687578872427594e+02
1.196967871552298703e+02
1.775537154126075734e+02
1.787645533989858109e+02
1.610429069688821073e+02
1.439262649579540891e+02
1.771784733306907071e+02
1.542623742041716639e+02
1.631241387937573677e+02
1.843144582059803724e+02
1.527410089909384965e+02
1.461707993555811527e+02
1.820662017729911497e+02
1.523793180714241942e+02
1.477608228860748056e+02
1.812477061222748489e+02
1.645715581437162882e+02
1.524791445840878907e+02
1.709681572361310771e+02
1.697087422675958521e+02
1.734115574619457902e+02
1.804231120472322232e+02
1.641616459950343767e+02
1.496244106530662350e+02
1.598820634547226405e+02
1.438309306627662636e+02
1.574241192835356173e+02
1.587290445395462086e+02
1.459821299356745783e+02
1.626707326427728333e+02
1.721626856576050955e+02
1.912616265743347981e+02
1.820724872404455823e+02
1.912301134380840608e+02
1.877493218770998737e+02
1.495607703236489670e+02
1.697382104079797216e+02
1.628804505638218529e+02
1.680590493596234865e+02
1.819052725964727699e+02
1.592712243242714010e+02
1.461804949746300508e+02
1.654440987230680946e+02
1.592365780896404885e+02
1.845095631559185847e+02
1.634614040814997509e+02
1.697321279272943002e+02
1.728958151937094385e+02
1.635317768352831251e+02
1.611078894375476409e+02
1.691157119653901759e+02
1.514944997372913065e+02
1.828258738587319954e+02
1.689199448654106277e+02
1.451035401566193173e+02
1.687031311225610466e+02
1.659183003928051505e+02
1.460072665679480224e+02
1.424612763973657650e+02
1.420568345369994177e+02
1.464873763926514982e+02
1.351837079002586108e+02
1.226044314532835813e+02
1.653314271398280653e+02
1.586550510246619865e+02
1.529043250263205493e+02
1.522082298642629326e+02
1.518467823301669171e+02
1.370949407446987891e+02
1.457627166299457997e+02
1.493881105891428831e+02
1.492362993094255330e+02
1.599835024917590260e+02
1.332681284124661545e+02
1.528531984900778014e+02
1.572808444673894144e+02
1.840502051321572026e+02
1.068566710137003497e+02
1.811346566476345288e+02
1.439366501040827302e+02
1.856382520677574632e+02
1.568254850361065849e+02
1.737052484447176539e+02
1.434908871047690866e+02
1.802908291781071739e+02
1.545219286603582134e+02
1.659571662542208230e+02
1.632919472079688887e+02
1.450792270253724610e+02
1.742024239475514378e+02
1.675287154083325163e+02
1.825708057236377613e+02
1.599990043411029319e+02
1.705704190469064940e+02
1.303500764323956389e+02
1.528572268916706776e+02
1.465495837334127600e+02
1.582656596098493083e+02
1.524238454452962230e+02
1.608302742686122713e+02
1.512930643436118316e+02
1.737270411288835419e+02
1.858580376144059016e+02
1.397995716451928274e+02
1.549892697223211826e+02
1.725801552042957212e+02
1.786435304910453112e+02
1.565929227257002196e+02
1.526683216914615571e+02
1.782838834276220723e+02
1.803947169180677292e+02
1.532865944166183567e+02
1.771908767295437315e+02
1.640416153623172875e+02
1.838403265681103846e+02
1.784877522939117398e+02
1.665284720487775871e+02
1.434703373007823757e+02
1.827308706873740789e+02
1.616858528074441494e+02
1.591993947299487786e+02
1.616416230512143670e+02
1.586687147192652674e+02
1.683298205649889212e+02
1.465709428681398947e+02
1.531759408328698555e+02
1.785173414130074434e+02
1.432522391831682569e+02
1.845515502004429891e+02
1.614448085597845193e+02
1.510016461067548619e+02
1.845203986953480353e+02
1.574103112128761666e+02
1.683625906181239600e+02
1.490461891361058235e+02
1.425863953611918760e+02
1.464187843086179441e+02
2.035802095701410224e+02
1.561561143311433000e+02
1.752198242064530120e+02
1.650837078905860835e+02
1.559051813245631024e+02
1.703740112922046137e+02
1.504254982963725524e+02
1.507568396671530593e+02
1.881556412181312794e+02
1.602793461024118358e+02
1.641242385268904798e+02
1.642956715230651525e+02
1.724649460841236248e+02
1.655785153934011760e+02
1.536604950258431188e+02
1.798109426996297202e+02
1.591744113039483466e+02
1.566853924286616291e+02
1.540889408961830327e+02
1.564305060397219052e+02
1.380548073786054601e+02
1.429225580337058261e+02
1.610894044317491023e+02
1.514397548020877196e+02
1.532975722572937514e+02
1.551694101918734532e+02
1.507704987130309462e+02
1.712576344243184963e+02
1.600688508127147713e+02
1.473494390371862437e+02
1.455057979889342050e+02
1.731446075677246199e+02
1.796348789057323074e+02
1.566802055676720897e+02
1.579125637103464612e+02
1.784126364336070765e+02
1.484235303697189465e+02
1.849486973758885142e+02
1.586242854024189057e+02
1.377500241906042504e+02
1.720449558133302048e+02
1.576376205950929545e+02
1.609418339290560027e+02
1.823511204465762887e+02
1.565196847548452297e+02
1.542816212941522167e+02
1.348990882631772763e+02
1.690493464520110933e+02
1.714263903134043403e+02
1.755092668877526023e+02
1.596202668785789172e+02
1.532113950306400909e+02
1.691984210051279547e+02
1.409902009954665516e+02
1.725323998640752734e+02
1.600727841598062469e+02
1.563892095351481544e+02
1.546474205346233930e+02
1.971490544932311479e+02
1.482995448848276396e+02
1.671032825525920771e+02
1.440040815271900101e+02
1.558663688866200516e+02
1.576010533606707895e+02
1.436582219649531282e+02
1.712376705385004527e+02
1.834630898126055740e+02
1.465420177020736219e+02
1.341550147279695864e+02
1.660599421086569976e+02
1.924549276889676719e+02
1.533306384400273430e+02
1.665206479453728150e+02
1.462230711182085372e+02
1.484864240366729575e+02
1.801948564245759599e+02
1.505482627037192742e+02
1.663625462599104594e+02
1.505146209477830155e+02
1.695230902304708422e+02
1.456893128175290997e+02
1.701235343273174294e+02
1.589285036696767293e+02
1.515522022149219197e+02
1.591095282717945452e+02
1.701440915620121359e+02
1.485730637232611855e+02
1.556292188053386951e+02
1.773962020342862616e+02
1.389600663124096513e+02
1.568632011890753972e+02
1.440897368295158572e+02
1.538304137102126390e+02
1.470839729417343449e+02
1.502023303431855368e+02
2.232148828146839037e+02
1.597490131563278908e+02
1.501082005107822681e+02
1.483257771578500126e+02
1.911781346856716084e+02
1.717830908047484400e+02
1.596092878656660332e+02
1.454683717797955467e+02
1.715674433463838398e+02
1.482222147401060397e+02
1.865103139602118745e+02
1.396615131567305070e+02
1.619900703141631482e+02
1.625977552118164056e+02
1.601686974253361768e+02
1.488096379168759427e+02
1.594981855965532134e+02
1.777515729725273275e+02
1.513255370098993353e+02
1.464782647504248132e+02
1.725862587238317758e+02
1.889457528960605259e+02
1.750346083769669008e+02
1.685541327007924508e+02
1.888663016114624327e+02
1.592792083080276768e+02
1.932502409212325176e+02
1.677984561310123581e+02
1.423556255795967616e+02
1.801048442500668045e+02
1.424063205324480350e+02
1.492574865263237598e+02
1.677009393446178649e+02
1.347650216959804652e+02
1.913843046257923675e+02
1.522668090565614136e+02
1.671432816811606585e+02
1.740177677526947946e+02
1.880146287199006565e+02
1.784533806194905594e+02
1.789623408161883162e+02
1.758027921663687323e+02
1.684794974199935496e+02
1.599266741264388543e+02
1.827057944199147528e+02
1.655280197003617673e+02
1.836982507254863606e+02
1.725776421907090707e+02
1.485887520617734197e+02
1.541753291153888767e+02
1.358998337677959682e+02
1.229792256100043346e+02
1.350062370175356250e+02
1.673577327528743410e+02
1.710278246168547298e+02
1.649322052740253071e+02
1.818729983792279654e+02
1.932280823481064260e+02
1.760413977587507475e+02
1.661665665427528893e+02
1.682025522945355931e+02
1.571383318960708948e+02
1.325741716359386260e+02
1.536567952379805604e+02
1.463893101401956471e+02
1.433938158278203332e+02
1.742842839644157493e+02
1.792231121418051600e+02
1.654331744452952933e+02
1.631924670024287138e+02
1.417640215413752856e+02
1.759407436802568725e+02
1.426951063345297541e+02
1.441182424363683481e+02
1.419579243264305717e+02
1.458459051671457019e+02
1.864388833714738496e+02
1.682522531808048427e+02
1.617243243059163262e+02
1.434973478992438629e+02
1.699127506676726398e+02
1.275704127466516979e+02
2.073417739838617706e+02
1.812055063788631628e+02
1.511403170329566876e+02
1.824061292336159568e+02
1.782848612646725428e+02
1.615153595218139628e+02
1.519701635475581440e+02
1.840358256875142331e+02
1.354350735026505390e+02
1.697392799128940908e+02
1.354965482196652431e+02
1.584770249779630831e+02
1.553296595012979822e+02
1.601310031475337325e+02
1.767524580291894836e+02
1.650289891058496039e+02
1.633083357047579796e+02
1.613290625989560283e+02
1.410574626327542092e+02
1.652132223849368131e+02
1.581023160781520573e+02
1.435256595419751875e+02
1.771343949519900605e+02
1.419167508123685764e+02
1.472173625200932179e+02
1.505885732767328875e+02
1.710614526009680390e+02
1.591542241902940873e+02
1.606940581506083845e+02
1.333635236112368432e+02
1.789155531385971472e+02
1.640964000100542535e+02
1.525706240174051800e+02
1.788785100705973719e+02
1.660575340609457271e+02
1.270548803168243239e+02
1.816521674292311275e+02
1.574797611611056425e+02
1.702376883267372421e+02
1.292470580965940883e+02
1.404662207725788505e+02
1.605832357750477115e+02
1.672182113226368756e+02
1.482346435108855189e+02
1.596199442495016285e+02
1.304391291105955588e+02
1.530922096489091757e+02
1.818349544796915040e+02
1.656862630947080106e+02
1.483298139648056804e+02
1.768252239467566653e+02
1.712874361821401976e+02
1.553395190249959512e+02
1.820297550675981029e+02
1.854340146500241815e+02
1.472128874413314747e+02
1.665442014868851288e+02
1.458265211927295582e+02
1.602644510134692837e+02
1.761260073610390862e+02
1.644399007631184588e+02
1.607856727283515568e+02
1.680498312048467540e+02
1.615830724053124925e+02
1.753929203837167563e+02
1.630942441036656874e+02
1.385419212153313424e+02
1.538453796830697797e+02
1.487397416277678133e+02
1.651878805603241460e+02
1.390898412729002871e+02
1.778550083442993355e+02
1.724255426679338541e+02
1.667570146012341468e+02
1.738446222456957742e+02
1.530418056115930199e+02
1.830612685009332949e+02
1.429318960913950036e+02
1.498109612032511109e+02
1.807380580553075049e+02
1.598562850321258111e+02
1.425352090137988625e+02
1.427715696177343148e+02
1.601211064529675241e+02
1.737463144591775972e+02
1.724302822722265205e+02
1.651223243974354773e+02
1.549022791080797958e+02
1.638337944756771378e+02
1.608760620933066150e+02
1.602827265226042357e+02
1.416874328984383169e+02
1.663668028094285205e+02
1.594899803664674494e+02
1.787963470496410707e+02
1.734225296027588001e+02
1.583959771858993690e+02
1.695833233768823334e+02
1.554865430794445729e+02
1.659445583506583262e+02
1.598425844810937235e+02
1.697469646343956242e+02
1.450505023200975643e+02
1.794023911755208189e+02
1.423374041374121362e+02
1.819595699987568480e+02
1.421289721722224897e+02
1.488946534167256459e+02
1.620726305994742233e+02
1.494434407392041066e+02
1.774421178689493956e+02
1.780716612047357899e+02
1.366406681422397469e+02
1.562784590356532703e+02
1.587342123881643943e+02
1.506848230324290512e+02
1.526818340462077401e+02
1.703048022811920532e+02
1.735970355211324261e+02
1.850807677321833182e+02
1.802643637285372620e+02
1.592449231108572008e+02
1.595215858577380743e+02
1.619170221101655045e+02
1.543707495957729066e+02
1.712661816519398883e+02
1.711814098975344223e+02
1.891084840827103051e+02
1.606712901777015361e+02
1.657343213325628710e+02
1.729926944461633980e+02
1.495987533029907866e+02
1.751984081968224416e+02
1.708408276528244016e+02
1.775147197651878344e+02
1.678524780985310088e+02
1.654417328888923180e+02
1.585306099006756142e+02
1.724176570787526828e+02
1.463585627615549356e+02
1.656497544859111315e+02
1.670864092255229139e+02
1.434040990582533368e+02
1.703033682223186531e+02
1.473593232675714262e+02
1.703965575385708746e+02
1.737772994109200795e+02
1.661198743585664772e+02
2.074594600220318341e+02
1.673713464324759741e+02
1.615513508557102966e+02
1.925432506593523385e+02
1.796336894408259752e+02
1.463930496164717567e+02
1.612614637832590176e+02
1.665777057739088036e+02
1.456099084674650896e+02
1.358637615098045330e+02
1.664722971265375691e+02
1.542647514118582706e+02
1.746284192065973286e+02
1.686202859531039451e+02
1.623055155347349796e+02
1.722062143235797862e+02
1.639727379779872933e+02
1.655352674439673137e+02
1.380046608962379935e+02
1.619783351209038642e+02
1.575975054023073767e+02
1.804933921878866840e+02
1.730507030753533400e+02
1.641480706567683683e+02
1.595363926739138378e+02
1.671854691223853706e+02
1.683507992364660879e+02
1.676294139509750494e+02
1.864420463409568640e+02
1.605718779080313539e+02
1.598672498173113183e+02
1.718733537943314786e+02
1.620438596452129048e+02
1.667877668409928447e+02
1.857515200485847799e+02
1.526591994980486788e+02
1.645288777753621048e+02
1.648650142677385304e+02
1.612784659095798077e+02
1.772200041639972881e+02
1.584310830463113859e+02
1.579568446478067472e+02
1.604779113456492894e+02
1.529111873212999058e+02
1.615801216125976794e+02
1.715987033317180135e+02
1.627636806923104018e+02
1.400371943697094252e+02
1.644625851431283650e+02
1.539639670050389668e+02
1.546216346210264305e+02
1.484526212585062694e+02
1.603535802225173086e+02
1.588303336155913712e+02
1.812555635419163877e+02
1.370163548505818198e+02
1.697752956624172782e+02
1.687604040996377535e+02
1.609907984151688254e+02
1.724629107490922024e+02
1.734221019455788166e+02
1.536769561016798491e+02
1.486429039565799144e+02
1.548111490269330659e+02
1.592099653337715210e+02
1.425320717693693382e+02
1.699904116140582175e+02
1.491751719856726481e+02
1.633187357960179895e+02
1.547457859637618753e+02
1.343749235385132010e+02
1.387030521064300217e+02
1.573674550632098033e+02
1.644397330497085363e+02
1.615494213770266470e+02
1.764199272016726354e+02
1.568353096491435963e+02
1.567475148912286897e+02
1.542193813700366150e+02
1.839336439416323969e+02
1.754366559966074419e+02
1.808660382955406192e+02
1.626215352913354195e+02
1.427209310485658591e+02
1.555169838604460324e+02
1.532275013764095775e+02
1.584255228599491829e+02
1.611014427819993386e+02
1.623350995082407735e+02
1.553643846078562376e+02
1.398178574642523415e+02
1.605682700594609003e+02
1.689491073514501238e+02
1.537588112610951327e+02
1.684744148881085550e+02
1.397737680083801592e+02
1.497727980338133307e+02
1.897814360317592559e+02
1.743757099720137660e+02
1.592167276481704903e+02
1.511369828682883849e+02
1.585425551636831756e+02
1.386861230401561045e+02
1.489400593898640182e+02
1.503516436744580744e+02
1.701250693958178317e+02
1.864823837854311535e+02
1.472932281083310500e+02
1.567985549318459277e+02
1.852138466083717958e+02
1.649574341212327795e+02
1.711135630342375293e+02
1.597940666372896601e+02
1.836837268706490534e+02
1.667355422913442453e+02
1.734103045548541502e+02
1.605423692806517977e+02
1.648133911821118431e+02
1.355637244694944741e+02
1.601091335875109678e+02
1.650652317925259638e+02
1.873787783366938697e+02
1.604899871797598792e+02
1.687291545988958035e+02
1.654032053347162901e+02
1.359623322408209276e+02
1.731763843175015154e+02
1.597566646201842389e+02
1.708004211354132167e+02
1.874659535427019819e+02
1.850686411765357775e+02
1.503645538369398196e+02
1.664242008107390802e+02
1.789080361201293954e+02
1.510356508752977902e+02
1.755390835009810928e+02
1.565563592140962328e+02
1.758825766608804599e+02
1.897907510605195398e+02
1.471932710203627721e+02
1.500281000726891421e+02
1.549460130462987877e+02
1.767192956649039957e+02
1.836095652009063315e+02
1.729632983402451316e+02
1.514025343385036990e+02
1.545519562091412524e+02
1.651987181616062799e+02
1.743438932961461489e+02
1.522567470401177445e+02
1.824768533685449086e+02
1.382922268085449673e+02
1.752205522223677576e+02
1.462666864666890660e+02
1.768666001042517166e+02
1.699381626701022299e+02
1.525976180388400110e+02
1.529929987419013742e+02
1.703508644889141692e+02
1.684782699146331026e+02
1.956698809891312578e+02
1.692492305516908289e+02
1.509293665832193199e+02
1.648936873392182747e+02
1.699088511070456207e+02
1.766448690048112269e+02
1.714136248175225887e+02
1.561256703114060542e+02
1.661266627861629672e+02
1.538708177056848854e+02
1.727969882841723290e+02
1.629464608275876003e+02
1.840352928761645046e+02
1.743253716830349163e+02
1.508199748711073482e+02
1.682528729379148444e+02
1.820885274278824966e+02
1.453353648098327540e+02
1.553395147890259693e+02
1.683589533936481359e+02
1.357860269837821079e+02
1.712500096923938031e+02
1.694849989752274553e+02
1.301367197288249429e+02
1.679717860957044877e+02
1.747913837751964934e+02
1.753390869221640855e+02
1.927707333974723269e+02
1.688435405927471606e+02
1.677530308833764536e+02
1.765639288919185219e+02
1.662668360246519228e+02
1.752636024794395837e+02
1.739280315920640305e+02
1.759301865683339940e+02
1.580207865682708359e+02
1.535122931296718889e+02
1.454318778914463337e+02
1.452760909499149591e+02
1.548914636849093824e+02
1.469829294299652247e+02
1.683576716681429843e+02
1.801560807220794516e+02
1.624991160082111605e+02
1.684047797079410316e+02
1.471102082697848914e+02
1.624229923451526361e+02
1.666543785449008226e+02
1.543681120723417450e+02
1.612349542604829082e+02
1.234833730959439606e+02
1.670174951962435728e+02
1.553439257735369097e+02
1.810387477259989737e+02
1.613654024355596448e+02
1.563342991147562486e+02
1.547117899845736133e+02
1.679184246041992310e+02
1.552368605396286512e+02
1.678556411428861566e+02
1.493046499411992158e+02
1.720298747139266879e+02
1.717450759455900879e+02
1.492519928763714177e+02
1.719376039529208242e+02
1.574797715270637184e+02
1.619854584714876751e+02
1.488649729953523320e+02
1.453435136504398599e+02
1.808633158585550404e+02
1.891096631087132209e+02
1.484536192971293076e+02
1.965751025788159154e+02
1.766678728843448312e+02
1.484455282936647222e+02
1.638479135193712182e+02
1.720643411159488210e+02
1.529435721109171311e+02
1.720809663942158068e+02
1.763496574238794778e+02
1.615080122723256295e+02
1.588440815463946478e+02
1.516696369199228798e+02
1.543091512413381849e+02
1.629656225280748458e+02
1.655753056928961655e+02
1.729240792527787676e+02
1.613383699372015201e+02
1.728249808590115890e+02
1.758055292367320988e+02
1.504741762277274972e+02
1.495167482810658157e+02
1.883109063913353793e+02
1.752067429382701960e+02
1.717512449600963862e+02
1.812370688001245469e+02
1.391468334177972963e+02
1.777081931039444100e+02
1.167696645754560478e+02
1.683121108649747555e+02
1.794865610970994965e+02
1.630393841123034235e+02
1.703107512374928660e+02
1.724494802041931791e+02
1.615821821260610136e+02
1.745491551961976313e+02
1.908512578075850001e+02
1.381006394268276267e+02
1.630707673570062752e+02
1.550136648849955066e+02
1.646743395915398480e+02
1.744487821791817623e+02
1.685255501790475137e+02
1.682083448300811028e+02
1.526203901507369949e+02
1.749992374878106034e+02
1.674716350479983191e+02
1.692116556737246071e+02
1.633689989412524426e+02
1.664051355792933578e+02
1.541214347117053194e+02
1.737429106331645698e+02
1.642640518637617788e+02
1.442240137566647604e+02
1.746720283926178467e+02
1.510279404273513535e+02
1.443273693897988608e+02
1.878033813128639054e+02
1.944526578533794066e+02
2.019710985629500897e+02
1.836711278440177750e+02
1.639025410848122704e+02
1.848095105561054936e+02
1.462332581876508470e+02
1.682609620297854462e+02
1.480892014619420536e+02
1.430543272229916454e+02
1.350640554212153006e+02
1.461148578911680715e+02
1.586783393715357420e+02
1.719330825234788165e+02
1.625062323206073245e+02
1.335001273348511575e+02
1.800994212497118667e+02
1.840667116025629184e+02
1.489554406796658554e+02
1.299158251190965530e+02
1.583230989511652922e+02
1.629726925784674449e+02
1.447042916485903561e+02
1.611281128548387471e+02
1.721166255739918540e+02
1.719213971576683377e+02
1.442880988043320087e+02
1.495739458881312771e+02
1.653948637010684308e+02
1.590921063429777860e+02
1.730287237008556929e+02
1.551617940963460001e+02
1.467358874091678729e+02
1.550133115909823971e+02
1.831644345627313442e+02
1.283079350756975714e+02
1.773540598186801276e+02
1.734003508212792326e+02
1.544302132234861062e+02
1.520886059315953389e+02
1.563862609139438007e+02
1.690944519661534002e+02
1.509664883474656563e+02
1.493735887957730313e+02
1.831696698309377496e+02
1.389086502858397409e+02
1.506388707867486403e+02
1.482854912942492547e+02
1.818103342026174687e+02
1.642723061384273251e+02
1.589916674887193722e+02
1.382813577893936383e+02
1.766015781849907853e+02
1.836007169350351376e+02
1.458269091013765717e+02
1.669792837113389226e+02
1.410086023074456705e+02
1.657528081405519060e+02
1.621223037729900227e+02
1.667591837374737054e+02
1.715893638394881293e+02
1.235837529794170422e+02
1.470613020166275646e+02
1.700120606716432121e+02
1.661279806683225502e+02
1.676901097495095598e+02
1.736917376372932438e+02
1.784847512277110013e+02
1.450848722142916927e+02
1.492038705411135027e+02
1.554705459358157498e+02
1.621617574394357746e+02
1.639161110038116362e+02
1.574507501491191874e+02
1.782544064825835619e+02
1.840475387910674669e+02
1.726478887213193332e+02
1.728901902654245646e+02
1.755151227848488986e+02
1.548391250746339267e+02
1.790737207629419458e+02
1.630525388777830358e+02
1.344320346843820175e+02
1.339002864061066020e+02
1.678675752644298029e+02
1.285142332533162346e+02
1.579175910974088879e+02
1.707885108247237440e+02
1.859901505621291733e+02
1.691546633206882575e+02
1.448075456532602061e+02
1.545938291577915038e+02
1.273209826572625900e+02
1.700755798749317478e+02
1.755472114478303070e+02
1.588897411535943718e+02
1.441662153905609500e+02
1.414891508067081247e+02
1.859291861644651931e+02
1.620571444968103094e+02
1.594899568652586481e+02
1.517335185289705635e+02
1.936200848773521557e+02
1.370439545852957224e+02
1.322212168910227206e+02
1.642244842823989757e+02
1.395425173121738567e+02
1.540250214162596194e+02
1.533405796733649424e+02
1.650034856717624336e+02
1.675041410011617984e+02
1.502181832277678950e+02
1.402334721205576784e+02
1.456015606383832903e+02
1.671599737817978450e+02
1.547321935645265114e+02
1.438479306260849739e+02
1.856199425631238284e+02
1.567156668604160927e+02
1.605037750038242450e+02
1.744226911480394051e+02
1.762008356696918554e+02
1.558945231120595167e+02
1.544846060074117702e+02
1.473683475203973501e+02
1.427018402185337038e+02
1.508627538754470834e+02
1.925424600867982008e+02
1.780031624357404496e+02
1.604294294749627170e+02
1.660183050885762270e+02
1.671624922015956258e+02
1.677290896027136569e+02
1.952181064096682235e+02
1.324583300454398795e+02
1.638391137430459139e+02
1.410407058785646655e+02
1.264391211911896846e+02
1.460906003575574346e+02
1.888669707051273292e+02
1.583005340883040333e+02
1.770646906270938530e+02
1.662837463631496462e+02
1.432927053596790188e+02
1.680891366540845127e+02
1.654635365624619112e+02
1.728472794738400182e+02
1.587943042406137977e+02
1.548624922302680602e+02
1.523589006790714393e+02
1.712744608292587429e+02
1.425219283153275853e+02
1.534280706644927079e+02
1.495392460276594306e+02
1.691699287222031387e+02
1.601680829821147825e+02
1.544819061666821085e+02
1.651049051658161204e+02
1.449392089584526673e+02
1.725029455430625092e+02
1.648195055986003581e+02
1.607202703644422286e+02
1.705892754326856391e+02
1.752530962257108342e+02
1.592817416192512496e+02
1.488285485296879926e+02
1.505974255723187127e+02
1.350245800199548682e+02
1.601301490713257749e+02
1.649763948517611425e+02
1.485438925126356651e+02
1.594734993702346628e+02
1.651970824678407723e+02
1.394792016138984536e+02
1.694933777843212965e+02
1.590723453402309246e+02
1.556413557109432304e+02
1.560564309586466436e+02
1.390703362430573691e+02
1.603107488720993103e+02
1.510605936954872277e+02
1.827001034775517780e+02
1.580944523589720063e+02
1.555867665022818187e+02
1.608505073469846707e+02
1.428773047394508922e+02
1.570560907007495359e+02
1.367472667983442989e+02
1.749567492320226165e+02
1.604273780493514607e+02
1.516643934606830726e+02
1.720139569104186990e+02
1.819001856769202163e+02
1.494195353796164341e+02
1.484814400928243288e+02
1.677688956374984173e+02
1.502679907805857908e+02
1.612868559707642362e+02
1.686476746689573929e+02
1.722076282459665038e+02
1.555421552118108650e+02
1.790143942077515362e+02
1.717419092332752371e+02
1.631666761850337366e+02
1.561838090726649853e+02
1.589337852106910134e+02
1.486015395044959178e+02
1.682501566127060642e+02
1.346505311022407341e+02
1.782652107208650705e+02
1.853740858567698240e+02
1.313605910635822624e+02
1.797321536156782997e+02
1.625390720686527288e+02
1.704235097775065242e+02
1.776498555598501525e+02
1.990042108629397717e+02
1.512784729340926901e+02
1.630626056975825975e+02
1.481796319355981382e+02
1.433262698532168429e+02
1.865121699567243923e+02
1.514668920224534077e+02
1.639440213342532786e+02
1.701344235588559002e+02
1.680939471925820783e+02
1.578679183412606619e+02
1.683384703517881746e+02
1.495945459081125364e+02
1.616600272208309264e+02
1.751191012990649369e+02
1.635204092641815237e+02
1.440699576817330296e+02
1.504200407543272320e+02
1.766692048308439098e+02
1.629083882592882162e+02
1.800277519081961088e+02
1.598412036330880994e+02
1.569198728729715810e+02
1.680449744376485341e+02
1.398299121513416026e+02
1.619787737163390773e+02
1.663071222496623705e+02
1.493792456053235469e+02
1.264877253577944458e+02
1.556467356414896699e+02
1.548625217754187986e+02
1.433886892388946137e+02
1.359540164005425140e+02
1.638359383027130320e+02
1.418993406003356483e+02
1.621037455010853137e+02
1.660601881226880607e+02
1.838375530646408151e+02
1.403204634216629358e+02
1.579633616940496097e+02
1.512313651354884030e+02
1.392787561832418533e+02
1.625968361735683914e+02
1.719573446298459487e+02
1.480274524986899110e+02
1.895442169514624595e+02
1.524856585116064593e+02
1.679361500116837362e+02
1.497376657302973797e+02
1.646398198107694384e+02
1.514343603439079118e+02
1.420584158647056086e+02
1.536753281175133168e+02
1.576137555419653609e+02
1.667537036227986960e+02
1.576570399599082748e+02
1.510881045467515094e+02
1.696783542759760905e+02
1.495812787936313839e+02
1.775830249896420980e+02
1.244199691803426049e+02
1.560148109730579051e+02
1.860162495737430106e+02
1.562967799151334418e+02
1.577216605777580298e+02
1.541760126775149047e+02
1.659990022134024912e+02
1.770183294647765138e+02
1.501812265642586510e+02
1.800711955333592300e+02
1.656925042468589595e+02
1.626456022618772579e+02
1.470029102676514299e+02
1.735629334105132671e+02
1.921800901543380462e+02
1.696788023624566790e+02
1.636124045893980394e+02
1.533245877822625971e+02
1.514817167121465218e+02
1.641794391576595729e+02
1.647720542306016114e+02
1.459281269237763752e+02
1.384017420736682595e+02
1.793664742683162387e+02
1.571596570001484281e+02
1.521404500363766488e+02
1.700461217133921821e+02
1.706833192769273921e+02
1.717581071950597220e+02
1.717019450546833639e+02
1.448051748943883581e+02
1.435561360673262072e+02
1.643460615004025840e+02
1.400899946127140083e+02
1.671927868044870706e+02
1.403436549983529176e+02
1.656753930523668430e+02
1.613607895625569029e+02
1.368079457720892265e+02
2.031211575220029317e+02
1.557833158504613493e+02
1.590419537534889400e+02
1.514047182571343342e+02
1.772065374104037403e+02
1.614289389841487150e+02
1.213721234747302731e+02
1.427276183160506662e+02
1.689400610059202279e+02
1.630162215432135326e+02
1.257617458298816899e+02
1.441217761434465103e+02
1.489019174576232558e+02
1.666318263160324875e+02
1.470410229970849230e+02
1.409820951108721090e+02
1.478534418831659423e+02
1.451175685451476056e+02
1.855724698379306119e+02
1.455321020974370754e+02
1.659270282551093203e+02
1.442925630228240266e+02
1.746427585958493864e+02
1.689478961031073254e+02
1.570901058454393535e+02
1.517112599844591330e+02
1.715726783173600154e+02
1.465790990659336614e+02
1.463552063890086572e+02
1.205602192838588991e+02
2.028552786265918826e+02
1.741742497258343292e+02
1.748530427197418931e+02
1.594579621960268412e+02
1.598727154188383395e+02
1.560034798310198596e+02
1.273556877716187188e+02
1.504605540426651089e+02
1.714609040599712557e+02
1.592468216408215653e+02
1.580859652987498691e+02
1.605451931203863012e+02
1.976173679552601641e+02
1.580732941070380662e+02
1.803851441038598011e+02
1.354814828271101703e+02
1.606783800391556554e+02
1.640235137042432427e+02
1.640399841834308745e+02
1.638893524899721967e+02
1.538556597781964683e+02
1.710531974171227034e+02
1.660455518797379284e+02
1.673162457992584393e+02
1.600844682146392017e+02
1.593487953269478226e+02
1.694425224168072646e+02
1.518119066312777079e+02
1.820282055007407109e+02
1.470330480758807710e+02
1.676480384635736129e+02
1.637807687613720873e+02
1.756815851261934540e+02
1.752842109831256607e+02
1.535880443078016810e+02
1.406716879034637770e+02
1.615669022792887404e+02
1.477388045248424078e+02
1.473813737940216981e+02
1.661170028298748775e+02
1.503901135530807949e+02
1.669503582524350236e+02
1.669672486003928782e+02
1.511310411278171841e+02
1.720265617904062481e+02
1.795413084268921011e+02
1.576838103648387346e+02
1.345891784574621397e+02
1.819574880761612121e+02
1.592820542633895116e+02
1.587138031525456086e+02
1.397487042932752388e+02
1.655449100579674280e+02
1.648860720762346261e+02
1.528962462962946347e+02
1.649359307184560635e+02
1.589735033072393549e+02
1.882797060194722576e+02
1.557670573726584280e+02
1.609843739622205021e+02
1.831003151424198734e+02
1.783825389432152519e+02
1.743756102503818681e+02
1.551170268983412655e+02
1.425517109490078838e+02
1.689373278075027258e+02
1.512910400722765303e+02
1.881858501605298954e+02
1.703806167850787006e+02
1.729253784997454204e+02
1.802666214537278222e+02
1.545644029956417853e+02
1.782032993971272958e+02
1.767182437530342725e+02
1.607295505610565272e+02
1.552812953155207083e+02
1.679745780591407538e+02
1.293584083027365637e+02
1.517087246060654877e+02
1.507317091781079341e+02
1.670166466618329650e+02
1.668996883955029489e+02
1.481092718942073532e+02
1.882010625063789462e+02
1.712620911063865492e+02
1.563187611547777465e+02
1.335390610490798622e+02
1.433426916066084686e+02
1.613343838765030398e+02
1.431451598215790284e+02
1.450714683394050155e+02
1.860115243615067868e+02
1.673232434386752061e+02
1.423118377253097719e+02
1.634744101103244702e+02
1.492925793569431221e+02
1.780931615952601135e+02
1.619806677324667419e+02
1.872672175412699005e+02
1.790654397673804681e+02
1.543531203109817511e+02
1.553008079593969057e+02
1.554774681623119079e+02
1.468800997122280023e+02
1.654257776727957037e+02
1.302671138091985483e+02
1.507271853926334302e+02
1.591568565725502822e+02
1.578678513106787307e+02
1.481629127262003749e+02
1.709490182230918549e+02
1.701738014633888554e+02
1.669401934136802765e+02
1.769084513614969296e+02
1.768000576400790749e+02
1.686617680929138032e+02
1.754899918454703993e+02
1.655792397491864847e+02
1.522344881263173306e+02
1.809634232390124851e+02
1.702988245851094860e+02
1.392337607328146021e+02
1.639956578537290568e+02
1.476187335545825476e+02
1.612043582670541468e+02
1.595113691166582157e+02
1.676114257792344517e+02
1.438856130028729865e+02
1.833246509834019093e+02
1.675881571908484773e+02
1.612798539682972603e+02
1.887477546508361286e+02
1.539835862704834994e+02
1.388883068979730524e+02
1.612018123448793290e+02
1.278893713076474654e+02
1.636499649049562493e+02
1.656050389304311352e+02
1.544762092753502714e+02
1.539814168516299446e+02
1.706662254605751059e+02
1.745619409249542286e+02
1.322623195003957335e+02
1.575403666421350124e+02
1.588310385388799091e+02
1.705117017026348378e+02
1.671976218390040003e+02
1.500384071899073888e+02
1.792241396709368075e+02
1.724486002532431712e+02
1.620454484671039381e+02
1.550916204918415531e+02
1.806240988622578811e+02
1.526729898880205951e+02
1.558481743177801206e+02
1.781380049987447478e+02
1.523246369366570434e+02
1.871334009070028515e+02
1.800139572584525922e+02
1.674435112068524063e+02
1.697861653488682236e+02
1.453048939723283866e+02
1.498697772433998807e+02
1.831088415064175479e+02
1.604564852246449504e+02
1.640590416842539980e+02
1.660709452782347739e+02
1.448702621676875708e+02
1.400202097528390084e+02
1.791937750675666337e+02
1.635182898101214732e+02
1.524084484617034150e+02
1.484445660888827945e+02
1.614250417871626553e+02
1.258498565841875916e+02
1.665338441397159954e+02
1.700841648042023166e+02
1.677113509500715622e+02
1.417937421005371448e+02
1.658387568780539993e+02
1.610323264299078687e+02
1.657776217013975781e+02
1.549961459241036152e+02
1.954388389272940572e+02
1.647948084071914252e+02
1.816569608842193873e+02
1.353513814578394658e+02
1.607528481806809282e+02
1.451749611017037580e+02
1.633605935532758338e+02
1.707946204444309899e+02
1.663633465500564910e+02
1.674504389686872798e+02
1.766621753278543565e+02
1.552080694694953991e+02
1.608685104997126984e+02
1.669737345704619713e+02
1.579902324540091456e+02
1.642566242542442581e+02
1.299529250612087878e+02
1.556001579228362459e+02
1.576785303002888270e+02
1.572801886801058799e+02
1.716641845197094085e+02
1.609608791895418278e+02
1.641077608333449405e+02
1.455870935318542934e+02
1.795358568444703451e+02
1.510629701121850985e+02
1.281076694640048856e+02
1.549125239531313127e+02
1.501912467011630099e+02
1.215552136916237771e+02
1.588821436020999727e+02
1.574906919438714397e+02
1.540707620634490524e+02
1.779151185447963144e+02
1.519721143456259540e+02
1.488946221336964584e+02
1.934229453356778095e+02
1.346320771907675180e+02
1.462543730490245366e+02
1.468955110152394354e+02
1.621899275737148116e+02
1.826667290954367218e+02
1.337763195988214875e+02
1.825888136716547763e+02
1.497613162616068223e+02
1.445222128582714447e+02
1.587393159876150719e+02
1.717104298080444664e+02
1.643723130440530156e+02
1.594675252338904841e+02
1.770344994378223475e+02
1.475746570111976155e+02
1.520333745731653323e+02
1.667954284573008863e+02
1.782849134359346976e+02
1.537605774824283174e+02
1.665480958940300695e+02
1.817820134151990601e+02
1.481486836537327747e+02
1.585831460415560343e+02
1.860958540249284283e+02
1.334320650239336885e+02
1.733021596361663796e+02
1.390183564489154264e+02
1.634099254181152787e+02
1.859342879374956965e+02
1.487355206067884126e+02
1.368224179121048110e+02
1.661716439010663748e+02
1.480172427048450459e+02
1.511590418596415475e+02
1.806793632722549603e+02
1.444638491167104348e+02
1.642517526153599192e+02
1.455346214742035897e+02
1.835143918904281577e+02
1.840601721064296896e+02
1.406965171656074176e+02
1.814365690777101747e+02
1.658403153206575951e+02
1.647522695108068547e+02
1.751615779345233079e+02
1.561275809065011231e+02
1.481711881882314401e+02
1.618501342128770659e+02
1.402309236168804318e+02
1.672871947790200977e+02
1.532080314239209997e+02
1.634683501086602462e+02
2.103090141256402319e+02
1.471625532702460077e+02
1.440474497961029670e+02
1.560763761380256653e+02
1.532699692083374998e+02
1.704609702563925566e+02
1.697667471339249516e+02
1.481800659143512462e+02
1.979434058336373710e+02
1.848010513221728957e+02
1.645933109130764080e+02
1.785371078419333628e+02
1.667776864694652943e+02
1.664249202474108813e+02
1.387614611989002924e+02
1.589274560994446972e+02
1.664712705841541549e+02
1.572099473996784411e+02
1.379995192784336666e+02
1.799572345218567477e+02
1.597786564501527664e+02
2.045666517789859142e+02
1.805277775530769588e+02
1.595525514080792391e+02
1.667798637813872062e+02
1.503556835061948505e+02
1.458056293999550235e+02
1.586161302916866589e+02
1.732254869069944618e+02
1.517587609603638157e+02
1.580470246229230327e+02
1.685425874662969363e+02
1.667109989363295881e+02
1.742966830061794212e+02
1.785507110384309044e+02
1.462678203239709092e+02
1.635368756519132205e+02
1.554848080937611883e+02
1.615794329949436019e+02
1.917025213875390648e+02
1.440058009936848293e+02
1.271037292550793723e+02
1.574999837039744648e+02
1.418842461454852923e+02
1.621884477253937575e+02
1.840302471265623865e+02
1.696621306745448976e+02
1.373518165092156096e+02
1.959092843397207275e+02
1.497712644618393085e+02
1.661514297345046032e+02
1.634989307943424990e+02
1.663103227383426201e+02
1.584896887003469317e+02
1.643820561105268041e+02
1.741246886130426503e+02
1.568064710388910896e+02
1.620106201712696361e+02
1.289083724098078108e+02
1.802458352845341665e+02
1.697560893286435544e+02
1.637508099084927835e+02
1.386855284454707089e+02
1.347739189187175270e+02
1.758350653469676104e+02
1.460493042759228786e+02
1.333159279483107298e+02
1.854316430013251988e+02
1.610448685852898336e+02
1.591957619406268805e+02
1.562437632152782214e+02
1.622021678240894857e+02
1.789032662218800738e+02
1.393433887211008653e+02
1.666412128982688046e+02
1.627752534677812264e+02
2.023006720542330754e+02
1.586078871992628763e+02
1.759243828909512501e+02
1.678330101131876972e+02
1.701691178829270825e+02
1.594588701188792470e+02
1.568867115551080929e+02
1.642697077434255846e+02
1.780313806650137565e+02
1.454319163736054463e+02
1.881082153637576369e+02
1.455889264154883449e+02
1.690561634835089819e+02
1.643047210128072493e+02
1.564285899040598053e+02
1.479002193981643529e+02
1.706573614312783320e+02
1.764242713548667609e+02
1.683623081518754816e+02
1.564561134950851624e+02
1.515313472269581894e+02
1.304673967851385044e+02
1.595744856107889689e+02
1.744977808354479123e+02
1.397929438462135749e+02
1.514289269622059919e+02
1.750867102247343041e+02
1.687822171026399189e+02
1.658861512594961880e+02
1.682870965987389127e+02
1.362986640128139015e+02
1.682793143468315122e+02
1.869277978424183857e+02
1.461861548780511839e+02
1.550518614541374234e+02
1.935899813875853681e+02
1.676152996027735185e+02
1.698584178631731447e+02
1.454903107263864399e+02
1.577367918929355710e+02
1.720091015368055878e+02
1.529937242841793079e+02
1.564845544287972245e+02
1.681737552844244306e+02
1.561230291206859420e+02
1.403974174564414170e+02
1.591115312285734831e+02
1.637318302631953486e+02
1.541406797592934481e+02
1.665142641122560008e+02
1.331037131489250100e+02
1.753918267151433099e+02
1.584496395432572058e+02
1.586032088992493811e+02
1.523809877537515547e+02
1.416192443663156837e+02
1.761769677850436722e+02
1.675774994346628546e+02
1.584049120600269873e+02
1.668317369525489084e+02
